-3.805252568729938778e-02
-3.772659080765287248e-02
-3.792953461746366439e-02
-3.789421976813006632e-02
-3.762941029488090644e-02
-3.747738316804800907e-02
-3.753396122804936869e-02
-3.767025442633115812e-02
-3.746608460010544123e-02
-3.664590707812669795e-02
-3.486454434534874691e-02
-3.480460999721209786e-02
-3.562230359044500638e-02
-3.551601944528073873e-02
-2.452549141366311761e-02
-2.044819188807963511e-02
-2.050692542907110380e-02
-1.935182000898907212e-02
-1.926390878333938614e-02
-6.848524153711632546e-04
1.849561135712465571e-03
-3.201309457497523428e-04
-2.214962278109551888e-03
1.498000836450193510e-02
5.357953622097797602e-02
5.534668977982103166e-02
5.435896276630365620e-02
5.935313524617520653e-02
1.054463441759976583e-01
1.183830750002334425e-01
1.362383579178230997e-01
1.259634875567887669e-01
1.330568344989387641e-01
2.336800445065881360e-01
2.215549605179751025e-01
2.142260595694922554e-01
2.427266644549667673e-01
2.797106307898156730e-01
4.398475233697723974e-01
4.197181317171729820e-01
3.967962720094481699e-01
4.611459030123387648e-01
5.608982567207178027e-01
6.023897351017253321e-01
5.996628171113048689e-01
5.924695766210840153e-01
5.889441513767049718e-01
7.213404663680761386e-01
7.228352069319146089e-01
7.179653322318914066e-01
7.107920235516331786e-01
7.521938489950780182e-01
8.028951109143303011e-01
7.994249398591246614e-01
8.145198471689029107e-01
8.034938105010005494e-01
8.370206670448543385e-01
8.721236179587874560e-01
8.682688975367512940e-01
8.759595954036958343e-01
8.732978805264077771e-01
9.011193080760412366e-01
9.054660567995287401e-01
9.080740886023148661e-01
9.077402142715503830e-01
9.049523985744092336e-01
9.255201831262688250e-01
9.244404732058379981e-01
9.261229256131936483e-01
9.601340667954687547e-01
9.601340667954689767e-01
9.383713847928657481e-01
9.385426435331100103e-01
9.384966230180857849e-01
9.389354284882804880e-01
9.423626503894090289e-01
9.601340667954694208e-01
9.432843889507911417e-01
9.431382903455092226e-01
9.434571072447225371e-01
9.455659367122408732e-01
9.457978126327036827e-01
9.459209291319452539e-01
9.459973077580671186e-01
9.462739412688383478e-01
9.477218499589620260e-01
9.601340667954690877e-01
9.479267532195690960e-01
9.479100184738002977e-01
9.485637155610224802e-01
9.499861138530600879e-01
9.601340667954687547e-01
9.601340667954687547e-01
9.601340667954690877e-01
9.601340667954686436e-01
9.601340667954685326e-01
9.601340667954683106e-01
9.601340667954691988e-01
9.520627606106706331e-01
9.538296819024068007e-01
