1.531803800923793590e-02
1.459067483515432903e-02
1.535124868006155011e-02
1.271072146616547029e-02
4.236728502411342412e-02
1.046572605068946116e-01
1.023885314344953334e-01
1.086281522598952359e-01
1.029024285605977113e-01
7.412478977128766910e-02
4.969329664657253648e-02
4.890388833601313351e-02
4.797398533448824637e-02
4.812308436909834564e-02
2.008564152201549810e-02
1.662337115755151487e-02
1.724401745807734726e-02
1.622763283936560705e-02
1.503763019189654528e-02
1.158014556264891012e-02
1.142825334077027417e-02
1.101200422970866240e-02
9.685627490688629090e-03
7.298002403270088811e-03
5.555740564933566925e-03
4.915455358428666086e-03
4.525153872680664352e-03
4.322164186089577642e-03
3.924398904187491322e-03
3.490746877827249125e-03
2.950263481158854357e-03
2.990363376635502089e-03
2.154841338658647788e-03
2.097977815313915341e-03
1.743689734785072720e-03
1.451253048321840241e-03
1.418979072307809380e-03
1.525170527842577327e-03
1.247494696126888371e-03
1.050446915485063644e-03
1.007286301857224361e-03
7.669863568496822822e-04
7.784334001007773033e-04
1.067041015706668731e-03
8.148386134706623110e-04
7.948743546525690240e-04
6.848529636111888976e-04
9.066756355360986981e-04
9.773433925780003646e-04
9.068415560830756644e-04
7.606967192639605075e-04
6.620114088464757731e-04
9.303536491997275873e-04
8.419919518885181451e-04
6.777155716267394990e-04
7.101818892558240835e-04
6.632822171947573607e-04
6.464899757273301871e-04
6.514369546674203407e-04
6.055294780492883559e-04
5.186835173623685841e-04
5.859768428370923160e-04
7.241208129122818403e-04
5.949729336549680440e-04
5.235107375241190679e-04
6.005007600586873343e-04
5.486251908997941953e-04
5.702852929414208146e-04
4.907220939613730470e-04
4.816210474524087581e-04
4.285908727067649958e-04
4.256005984102897901e-04
3.903253664052998327e-04
3.945573134343290252e-04
3.513252369218722456e-04
3.733586353237282633e-04
4.085491043673404208e-04
4.005017128341505864e-04
4.136216109348311832e-04
4.141251694704826741e-04
5.094981379549080695e-04
5.252088823179511127e-04
5.227186154557118174e-04
4.997564124032357648e-04
4.756254661258215084e-04
4.576806540060822230e-04
3.729877388759594110e-04
4.031860138453653773e-04
4.265505659703760751e-04
3.268985015281089730e-04
1.484392085003114912e-04
1.360265004701318641e-04
1.373261392810181216e-04
1.300188613939543491e-04
6.021076850790190946e-05
1.317446990531330755e-05
1.348481696197282841e-05
1.368845827721755750e-05
1.255063303778593481e-05
6.796977492125377375e-07
