0.000000000000000000e+00 1.266352385282516479e-01
1.000000000000000000e+00 1.347658932209014893e-01
2.000000000000000000e+00 1.381777226924896240e-01
3.000000000000000000e+00 1.499353796243667603e-01
4.000000000000000000e+00 1.616881638765335083e-01
5.000000000000000000e+00 1.443269699811935425e-01
6.000000000000000000e+00 1.600191891193389893e-01
7.000000000000000000e+00 1.014898717403411865e-01
8.000000000000000000e+00 1.775605380535125732e-01
9.000000000000000000e+00 1.467927992343902588e-01
1.000000000000000000e+01 1.180993020534515381e-01
1.100000000000000000e+01 1.703333556652069092e-01
1.200000000000000000e+01 1.619895249605178833e-01
1.300000000000000000e+01 1.997978538274765015e-01
1.400000000000000000e+01 1.335888057947158813e-01
1.500000000000000000e+01 2.037362158298492432e-01
1.600000000000000000e+01 1.904030591249465942e-01
1.700000000000000000e+01 1.995594650506973267e-01
1.800000000000000000e+01 2.096174210309982300e-01
1.900000000000000000e+01 1.981536895036697388e-01
2.000000000000000000e+01 2.136827856302261353e-01
2.100000000000000000e+01 2.050255984067916870e-01
2.200000000000000000e+01 2.344104945659637451e-01
2.300000000000000000e+01 2.109955400228500366e-01
2.400000000000000000e+01 1.130641698837280273e-01
2.500000000000000000e+01 1.050426065921783447e-01
2.600000000000000000e+01 1.850341409444808960e-01
2.700000000000000000e+01 1.978232115507125854e-01
2.800000000000000000e+01 1.858906000852584839e-01
2.900000000000000000e+01 1.558143794536590576e-01
3.000000000000000000e+01 1.814703047275543213e-01
3.100000000000000000e+01 1.561146229505538940e-01
3.200000000000000000e+01 1.876062303781509399e-01
3.300000000000000000e+01 5.044347643852233887e-01
3.400000000000000000e+01 4.654886424541473389e-01
3.500000000000000000e+01 5.086243748664855957e-01
3.600000000000000000e+01 4.827581048011779785e-01
3.700000000000000000e+01 2.075086236000061035e-01
3.800000000000000000e+01 2.165947854518890381e-01
3.900000000000000000e+01 5.407246947288513184e-01
4.000000000000000000e+01 2.387099862098693848e-01
4.100000000000000000e+01 2.293164432048797607e-01
4.200000000000000000e+01 2.345705479383468628e-01
4.300000000000000000e+01 2.609039545059204102e-01
4.400000000000000000e+01 2.275073230266571045e-01
4.500000000000000000e+01 2.483747452497482300e-01
4.600000000000000000e+01 2.831308543682098389e-01
4.700000000000000000e+01 2.799434959888458252e-01
4.800000000000000000e+01 3.322476446628570557e-01
4.900000000000000000e+01 3.411843180656433105e-01
5.000000000000000000e+01 2.876753807067871094e-01
5.100000000000000000e+01 2.675088644027709961e-01
5.200000000000000000e+01 3.595134913921356201e-01
5.300000000000000000e+01 2.284267395734786987e-01
5.400000000000000000e+01 3.124752044677734375e-01
5.500000000000000000e+01 3.327763676643371582e-01
5.600000000000000000e+01 2.766287922859191895e-01
5.700000000000000000e+01 2.780541479587554932e-01
5.800000000000000000e+01 3.386105895042419434e-01
5.900000000000000000e+01 2.824507355690002441e-01
6.000000000000000000e+01 2.794566452503204346e-01
6.100000000000000000e+01 3.796986639499664307e-01
6.200000000000000000e+01 3.281190395355224609e-01
6.300000000000000000e+01 3.522801101207733154e-01
6.400000000000000000e+01 3.161061406135559082e-01
6.500000000000000000e+01 3.684033155441284180e-01
6.600000000000000000e+01 3.605093359947204590e-01
6.700000000000000000e+01 5.540267229080200195e-01
6.800000000000000000e+01 4.684699773788452148e-01
6.900000000000000000e+01 7.955944538116455078e-01
7.000000000000000000e+01 7.044245600700378418e-01
7.100000000000000000e+01 4.683737754821777344e-01
7.200000000000000000e+01 3.201253712177276611e-01
7.300000000000000000e+01 5.038708448410034180e-01
7.400000000000000000e+01 5.487331151962280273e-01
7.500000000000000000e+01 6.421571373939514160e-01
7.600000000000000000e+01 7.079882621765136719e-01
7.700000000000000000e+01 5.114549398422241211e-01
7.800000000000000000e+01 5.284679532051086426e-01
7.900000000000000000e+01 6.195308566093444824e-01
8.000000000000000000e+01 5.445927381515502930e-01
8.100000000000000000e+01 4.853223562240600586e-01
8.200000000000000000e+01 6.428313255310058594e-01
8.300000000000000000e+01 5.322713255882263184e-01
8.400000000000000000e+01 5.154952406883239746e-01
8.500000000000000000e+01 6.190285682678222656e-01
8.600000000000000000e+01 7.711836099624633789e-01
8.700000000000000000e+01 6.758370995521545410e-01
8.800000000000000000e+01 5.471212267875671387e-01
8.900000000000000000e+01 6.943396329879760742e-01
9.000000000000000000e+01 6.610975861549377441e-01
9.100000000000000000e+01 8.091955184936523438e-01
9.200000000000000000e+01 1.085438609123229980e+00
9.300000000000000000e+01 9.326809048652648926e-01
9.400000000000000000e+01 7.519840002059936523e-01
9.500000000000000000e+01 7.507279515266418457e-01
9.600000000000000000e+01 7.703034281730651855e-01
9.700000000000000000e+01 7.139708399772644043e-01
9.800000000000000000e+01 6.653234362602233887e-01
9.900000000000000000e+01 6.804980635643005371e-01
