7.034248185479828434e-03
1.902389466470559565e-02
9.990383650274617389e-03
1.058248921659250136e-02
1.480095773211745867e-02
1.274079506597652206e-02
1.189405491265159952e-02
1.110950342496638994e-02
1.069847631724529270e-02
1.628012440094989480e-02
1.927336505167654215e-02
1.939249007111482764e-02
1.601635712581959969e-02
1.479791718798436836e-02
3.650427702246832745e-02
4.016786554929946407e-02
3.863595814115127619e-02
4.046104529383665743e-02
4.403507535004839296e-02
5.963327522012426551e-02
6.649882941294714411e-02
6.529992426142303130e-02
5.784416108597548178e-02
7.859883159472470793e-02
1.058211491248388370e-01
1.132445294122888663e-01
1.082388472436292826e-01
1.010526714067876281e-01
1.342704336334379356e-01
1.440187469217925342e-01
1.409548549690858299e-01
1.446833417949307254e-01
1.587336786509792319e-01
2.027251896296665412e-01
2.065629185253047562e-01
1.924634671111289108e-01
2.113285580416020826e-01
2.213230044158229493e-01
2.436584442874184242e-01
2.580834223803923910e-01
2.409402780557775292e-01
2.488043541574593565e-01
2.269574409972296147e-01
2.115783843640623996e-01
2.264374069466966455e-01
2.110019882562808868e-01
2.179599739191114272e-01
1.553056443805654330e-01
1.562306366281096259e-01
1.557314707962974554e-01
1.785661660975936260e-01
1.404387204964702152e-01
1.047672996623939812e-01
1.213485494550619742e-01
1.166591199113395788e-01
1.187406799348469516e-01
9.912535374390944731e-02
7.387530359245668421e-02
7.953278255540598141e-02
7.725194913998141566e-02
8.078899635940375856e-02
5.585157097228522771e-02
5.521113137070566418e-02
4.778424206706133326e-02
5.123746904257908685e-02
4.907428480713049018e-02
3.284037022535804540e-02
3.276361210354383074e-02
3.523628941129055420e-02
0.000000000000000000e+00
0.000000000000000000e+00
1.754146446665678233e-02
1.720007153209657941e-02
1.772072500976127826e-02
1.833410509573880215e-02
1.127504102030053856e-02
0.000000000000000000e+00
8.824683841964865716e-03
9.094520532373447444e-03
8.164832201393391886e-03
6.503948496976361821e-03
6.254664078114375268e-03
6.406497364107016819e-03
6.261063942065511409e-03
6.225021427421343831e-03
5.861020252333213991e-03
0.000000000000000000e+00
5.955931614492567319e-03
5.990843939013855424e-03
6.091399906249072259e-03
6.081635926664337444e-03
0.000000000000000000e+00
0.000000000000000000e+00
0.000000000000000000e+00
0.000000000000000000e+00
0.000000000000000000e+00
0.000000000000000000e+00
0.000000000000000000e+00
5.990515045024025383e-03
5.454566647025207819e-03
